0 0.6025 0.043071 0.025 0.033708
1 0.7275 0.05618 0.02 0.029963
0 0.75 0.061798 0.03 0.048689
0 0.7675 0.06367 0.015 0.037453
1 0.8825 0.065543 0.025 0.041199
2 0.6975 0.078652 0.025 0.044944
1 0.42375 0.080524 0.0275 0.033708
0 0.4575 0.08427 0.03 0.05618
0 0.37375 0.089888 0.0275 0.044944
0 0.52125 0.093633 0.0325 0.052434
0 0.9575 0.101124 0.03 0.044944
1 0.59375 0.102996 0.0225 0.041199
0 0.19 0.117978 0.03 0.048689
0 0.66875 0.136704 0.0275 0.048689
0 0.41625 0.14794 0.0375 0.06367
1 0.6325 0.022472 0.025 0.037453
0 0.6075 0.209738 0.035 0.052434
0 0.085 0.235955 0.045 0.067416
0 0.62 0.26779 0.045 0.071161
0 0.25625 0.284644 0.0425 0.059925
0 0.51875 0.357678 0.0525 0.086142
