2 0.420833 0.156667 0.033333 0.044444
1 0.86625 0.157778 0.0375 0.051111
1 0.66375 0.168889 0.034167 0.051111
1 0.714583 0.174444 0.044167 0.066667
1 0.452917 0.192222 0.0425 0.057778
1 0.934583 0.194444 0.045833 0.071111
0 0.5275 0.215 0.045 0.061111
1 0.26125 0.248333 0.059167 0.076667
1 0.577917 0.237778 0.0475 0.062222
0 0.45125 0.248889 0.040833 0.071111
1 0.389167 0.265 0.038333 0.054444
1 0.698333 0.304444 0.041667 0.077778
1 0.8825 0.306111 0.048333 0.067778
1 0.752917 0.338333 0.055833 0.081111
1 0.127083 0.394444 0.050833 0.088889
0 0.95875 0.432222 0.055833 0.073333
0 0.147083 0.592222 0.070833 0.097778
1 0.592917 0.062222 0.024167 0.035556
