0 0.19875 0.451327 0.0675 0.141593
0 0.67875 0.466814 0.0825 0.172566
0 0.8475 0.54646 0.085 0.181416
1 0.4075 0.628319 0.105 0.274336
0 0.46875 0.088496 0.0225 0.035398
0 0.79875 0.902655 0.0675 0.185841
0 0.3825 0.10177 0.02 0.035398
1 0.465 0.172566 0.035 0.070796
0 0.87375 0.179204 0.0325 0.075221
0 0.2675 0.183628 0.045 0.066372
2 0.1675 0.188053 0.045 0.10177
0 0.13125 0.205752 0.0375 0.084071
0 0.78125 0.216814 0.0425 0.097345
0 0.35375 0.252212 0.0625 0.123894
0 0.28375 0.272124 0.0475 0.10177
0 0.43125 0.294248 0.0475 0.084071
0 0.83 0.300885 0.07 0.132743
1 0.2225 0.340708 0.055 0.106195
0 0.0925 0.34292 0.06 0.119469
0 0.4725 0.358407 0.055 0.106195
0 0.545 0.362832 0.065 0.088496
0 0.825 0.426991 0.035 0.119469
