0 0.197561 0.075419 0.053659 0.128492
2 0.357317 0.081006 0.05122 0.117318
0 0.897561 0.73743 0.131707 0.335196
2 0.034146 0.122905 0.063415 0.167598
2 0.239024 0.189944 0.058537 0.167598
2 0.620732 0.240223 0.05122 0.167598
0 0.295122 0.248603 0.068293 0.162011
2 0.103659 0.27095 0.070732 0.150838
2 0.790244 0.377095 0.078049 0.162011
2 0.691463 0.377095 0.095122 0.22905
2 0.026829 0.536313 0.04878 0.234637
2 0.160976 0.558659 0.107317 0.24581
0 0.519512 0.558659 0.156098 0.346369
