0 0.335 0.055556 0.025 0.057778
0 0.68625 0.531111 0.0275 0.084444
0 0.755 0.575556 0.09 0.182222
0 0.58 0.062222 0.02 0.044444
1 0.7 0.062222 0.02 0.044444
1 0.07 0.606667 0.095 0.173333
0 0.58875 0.642222 0.1325 0.226667
0 0.4475 0.646667 0.08 0.155556
0 0.34625 0.682222 0.1125 0.191111
0 0.39625 0.082222 0.0225 0.048889
0 0.82625 0.777778 0.1225 0.248889
2 0.83 0.088889 0.03 0.08
1 0.15125 0.844444 0.1175 0.213333
0 0.78375 0.117778 0.0425 0.084444
0 0.4125 0.117778 0.03 0.048889
0 0.24625 0.122222 0.0225 0.048889
1 0.48125 0.126667 0.0375 0.075556
0 0.915 0.131111 0.02 0.057778
0 0.125 0.142222 0.04 0.071111
0 0.37875 0.16 0.0425 0.071111
0 0.34 0.168889 0.03 0.062222
2 0.6575 0.171111 0.045 0.075556
0 0.68875 0.182222 0.0275 0.071111
1 0.215 0.188889 0.05 0.093333
0 0.265 0.193333 0.045 0.084444
2 0.0725 0.202222 0.04 0.075556
0 0.175 0.206667 0.035 0.084444
0 0.03125 0.208889 0.0575 0.115556
0 0.51375 0.211111 0.0425 0.093333
0 0.79875 0.215556 0.0475 0.084444
0 0.38375 0.224444 0.0425 0.075556
0 0.89125 0.266667 0.0475 0.106667
1 0.625 0.275556 0.03 0.088889
0 0.85 0.284444 0.06 0.115556
1 0.5875 0.284444 0.055 0.115556
0 0.50375 0.286667 0.0425 0.084444
2 0.45625 0.315556 0.0675 0.124444
1 0.9575 0.322222 0.025 0.102222
0 0.4125 0.322222 0.04 0.102222
0 0.21125 0.36 0.0425 0.106667
1 0.36 0.364444 0.065 0.133333
0 0.74125 0.368889 0.0525 0.088889
0 0.14 0.371111 0.085 0.173333
0 0.68125 0.384444 0.0575 0.111111
0 0.63875 0.044444 0.0275 0.053333
0 0.19625 0.046667 0.0275 0.048889
0 0.045 0.415556 0.07 0.128889
1 0.27625 0.415556 0.0925 0.173333
0 0.49875 0.446667 0.0425 0.146667
