0 0.08625 0.635556 0.0775 0.133333
2 0.85125 0.473333 0.0675 0.137778
0 0.505 0.631111 0.065 0.133333
2 0.89875 0.54 0.0725 0.155556
0 0.465 0.735556 0.075 0.155556
0 0.975 0.633333 0.05 0.182222
0 0.6625 0.802222 0.075 0.146667
0 0.23125 0.117778 0.0725 0.137778
0 0.32125 0.097778 0.0575 0.124444
0 0.71625 0.013333 0.0575 0.017778
0 0.4975 0.055556 0.065 0.102222
0 0.095 0.257778 0.07 0.133333
0 0.9025 0.035556 0.055 0.062222
0 0.495 0.231111 0.06 0.124444
1 0.90125 0.155556 0.0475 0.124444
0 0.36125 0.353333 0.0575 0.12
0 0.73 0.24 0.055 0.133333
