0 0.273333 0.724444 0.253333 0.257778
0 0.753333 0.082222 0.048889 0.057778
0 0.942222 0.084444 0.097778 0.106667
0 0.762222 0.777778 0.217778 0.231111
0 0.584444 0.084444 0.084444 0.08
0 0.415556 0.093333 0.075556 0.062222
0 0.075556 0.097778 0.08 0.08
0 0.262222 0.097778 0.08 0.071111
0 0.082222 0.328889 0.075556 0.08
0 0.757778 0.333333 0.12 0.106667
0 0.424444 0.333333 0.102222 0.097778
0 0.935556 0.34 0.084444 0.066667
0 0.58 0.346667 0.084444 0.08
0 0.251111 0.353333 0.075556 0.066667
