0 0.32375 0.411111 0.0575 0.111111
0 0.895 0.58 0.06 0.137778
2 0.20875 0.411111 0.0725 0.137778
0 0.6475 0.544444 0.075 0.128889
0 0.48 0.495556 0.095 0.173333
1 0.43375 0.262222 0.0625 0.115556
1 0.51 0.302222 0.055 0.097778
0 0.08875 0.206667 0.0325 0.057778
0 0.73125 0.384444 0.0275 0.057778
1 0.19875 0.253333 0.0375 0.071111
1 0.30875 0.288889 0.0575 0.106667
1 0.85125 0.442222 0.0325 0.057778
0 0.12125 0.251111 0.0525 0.093333
1 0.81375 0.446667 0.0375 0.066667
0 0.60375 0.397778 0.0525 0.102222
1 0.5525 0.402222 0.065 0.12
1 0.05375 0.266667 0.0625 0.115556
0 0.70625 0.495556 0.0525 0.111111
0 0.24875 0.371111 0.0725 0.128889
