0 0.4925 0.399281 0.025 0.043165
0 0.63625 0.388489 0.0275 0.028777
0 0.55875 0.399281 0.0275 0.035971
0 0.84875 0.366906 0.0275 0.043165
0 0.0975 0.453237 0.025 0.043165
0 0.4425 0.417266 0.025 0.043165
0 0.8025 0.381295 0.02 0.035971
0 0.30875 0.440647 0.0225 0.032374
0 0.375 0.442446 0.025 0.035971
0 0.09375 0.118705 0.0175 0.028777
0 0.7175 0.411871 0.025 0.039568
0 0.24875 0.464029 0.0275 0.035971
0 0.285 0.482014 0.025 0.043165
0 0.55 0.46223 0.025 0.039568
0 0.0675 0.517986 0.025 0.043165
1 0.6975 0.46223 0.02 0.032374
0 0.4875 0.492806 0.025 0.035971
0 0.62625 0.482014 0.0225 0.043165
0 0.265 0.521583 0.03 0.035971
0 0.91125 0.455036 0.0275 0.039568
0 0.85125 0.471223 0.0275 0.043165
0 0.9675 0.465827 0.03 0.046763
0 0.0325 0.136691 0.02 0.021583
0 0.38875 0.570144 0.0325 0.039568
0 0.0425 0.618705 0.03 0.043165
0 0.26 0.598921 0.025 0.046763
0 0.61125 0.077338 0.0275 0.039568
0 0.545 0.084532 0.02 0.032374
0 0.5325 0.579137 0.03 0.035971
0 0.28875 0.611511 0.0325 0.05036
2 0.69875 0.57554 0.0325 0.05036
1 0.87625 0.564748 0.0325 0.043165
0 0.52 0.622302 0.03 0.043165
0 0.04625 0.690647 0.0325 0.05036
0 0.39125 0.107914 0.0175 0.028777
0 0.73 0.622302 0.035 0.05036
0 0.615 0.645683 0.03 0.046763
1 0.83125 0.631295 0.0275 0.046763
0 0.5725 0.093525 0.02 0.028777
0 0.4875 0.102518 0.015 0.02518
0 0.2975 0.124101 0.015 0.02518
0 0.615 0.721223 0.03 0.046763
0 0.92 0.694245 0.03 0.035971
0 0.58625 0.73741 0.0325 0.05036
0 0.06875 0.152878 0.0175 0.02518
0 0.14375 0.149281 0.0175 0.032374
0 0.45375 0.116906 0.0125 0.017986
0 0.39375 0.807554 0.0375 0.053957
0 0.675 0.794964 0.04 0.057554
0 0.0575 0.868705 0.035 0.053957
0 0.5375 0.823741 0.02 0.043165
0 0.09125 0.888489 0.0375 0.05036
0 0.35375 0.881295 0.0375 0.05036
0 0.27125 0.143885 0.0125 0.021583
0 0.325 0.140288 0.02 0.028777
0 0.45375 0.911871 0.0425 0.061151
1 0.125 0.165468 0.015 0.028777
0 0.64875 0.109712 0.0175 0.032374
0 0.2625 0.151079 0.02 0.028777
0 0.2475 0.973022 0.045 0.053957
0 0.595 0.964029 0.045 0.064748
0 0.7625 0.956835 0.045 0.064748
0 0.535 0.136691 0.025 0.035971
0 0.4275 0.147482 0.02 0.028777
0 0.23125 0.172662 0.0175 0.035971
1 0.56375 0.143885 0.0175 0.028777
0 0.66625 0.134892 0.0175 0.032374
1 0.29 0.194245 0.015 0.028777
0 0.47125 0.178058 0.0225 0.032374
1 0.22875 0.206835 0.0175 0.032374
0 0.14625 0.215827 0.0175 0.028777
0 0.59875 0.048561 0.0225 0.010791
0 0.50875 0.048561 0.0125 0.017986
0 0.7025 0.160072 0.025 0.032374
0 0.09875 0.244604 0.0175 0.028777
1 0.32375 0.221223 0.0225 0.02518
0 0.1425 0.244604 0.02 0.028777
0 0.00875 0.269784 0.0125 0.028777
2 0.3475 0.23741 0.025 0.035971
0 0.88125 0.190647 0.0225 0.035971
0 0.4375 0.239209 0.015 0.017986
0 0.26125 0.264388 0.0225 0.032374
0 0.5725 0.232014 0.02 0.032374
0 0.64625 0.22482 0.0225 0.032374
0 0.11625 0.30036 0.0225 0.032374
0 0.7275 0.246403 0.02 0.02518
1 0.62625 0.258993 0.0225 0.035971
0 0.465 0.278777 0.025 0.032374
0 0.1975 0.307554 0.025 0.039568
1 0.76 0.253597 0.02 0.02518
1 0.67375 0.284173 0.0225 0.035971
0 0.065 0.356115 0.015 0.028777
0 0.1225 0.357914 0.02 0.039568
0 0.7525 0.289568 0.02 0.032374
1 0.0075 0.118705 0.01 0.021583
1 0.70875 0.30036 0.0225 0.032374
1 0.83375 0.285971 0.0275 0.039568
0 0.6075 0.316547 0.025 0.035971
0 0.34 0.348921 0.025 0.028777
0 0.415 0.343525 0.025 0.032374
0 0.15625 0.377698 0.0225 0.035971
0 0.05 0.402878 0.025 0.043165
0 0.105 0.399281 0.025 0.035971
0 0.41875 0.073741 0.0175 0.02518
0 0.52375 0.357914 0.0225 0.039568
0 0.42125 0.392086 0.0225 0.035971
