2 0.67 0.391967 0.06 0.119114
0 0.395 0.339335 0.04 0.069252
2 0.930833 0.49723 0.068333 0.135734
0 0.316667 0.357341 0.053333 0.094183
0 0.875 0.605263 0.08 0.135734
2 0.354167 0.790859 0.095 0.163435
2 0.768333 0.921053 0.116667 0.157895
0 0.874167 0.265928 0.018333 0.027701
0 0.9225 0.289474 0.018333 0.036011
0 0.9825 0.313019 0.015 0.033241
0 0.54 0.204986 0.023333 0.044321
0 0.763333 0.275623 0.02 0.041551
0 0.6225 0.242382 0.025 0.041551
0 0.796667 0.33241 0.03 0.055402
0 0.5 0.252078 0.026667 0.049861
0 0.584167 0.301939 0.025 0.038781
0 0.761667 0.373961 0.05 0.088643
0 0.43 0.296399 0.036667 0.072022
