0 0.316955 0.179356 0.078834 0.106881
0 0.923866 0.206442 0.072354 0.11713
0 0.029158 0.262811 0.056156 0.112738
2 0.441685 0.306003 0.088553 0.11713
0 0.607991 0.347731 0.107991 0.14202
1 0.112851 0.389458 0.100432 0.131772
0 0.267819 0.540264 0.140389 0.190337
2 0.840173 0.573939 0.131749 0.187408
0 0.595572 0.827233 0.165227 0.222548
0 0.564795 0.087848 0.064795 0.084919
2 0.809395 0.109078 0.057235 0.077599
2 0.459503 0.122255 0.055076 0.074671
0 0.730562 0.129575 0.063715 0.086384
0 0.151188 0.144949 0.075594 0.102489
