1 0.959016 0.222881 0.030445 0.069492
1 0.757026 0.247458 0.080796 0.128814
2 0.87178 0.254237 0.040984 0.071186
2 0.172131 0.284746 0.079625 0.145763
1 0.425059 0.283051 0.084309 0.132203
1 0.660422 0.29322 0.023419 0.037288
1 0.819087 0.290678 0.029274 0.038983
1 0.471897 0.311017 0.018735 0.035593
2 0.118852 0.338983 0.071429 0.108475
1 0.714871 0.326271 0.043326 0.072881
1 0.552693 0.354237 0.030445 0.061017
1 0.382904 0.361017 0.021077 0.037288
1 0.012881 0.388136 0.023419 0.067797
0 0.295082 0.385593 0.032787 0.059322
1 0.333138 0.394915 0.033958 0.050847
