0 0.095833 0.481333 0.078333 0.125333
0 0.703333 0.493333 0.12 0.192
0 0.903333 0.493333 0.053333 0.085333
0 0.2925 0.505333 0.078333 0.125333
0 0.499167 0.513333 0.085 0.136
0 0.129167 0.801333 0.041667 0.066667
0 0.066667 0.830667 0.033333 0.072
0 0.91 0.84 0.106667 0.170667
0 0.6975 0.844 0.098333 0.157333
0 0.5025 0.846667 0.078333 0.125333
0 0.300833 0.857333 0.088333 0.141333
0 0.5 0.16 0.086667 0.138667
0 0.9025 0.164 0.088333 0.141333
0 0.700833 0.174667 0.088333 0.141333
0 0.093333 0.176 0.093333 0.149333
0 0.291667 0.184 0.1 0.16
