0 0.547273 0.356667 0.105455 0.193333
0 0.472727 0.4 0.087273 0.16
0 0.155455 0.401667 0.070909 0.13
1 0.76 0.428333 0.050909 0.09
0 0.3 0.433333 0.090909 0.166667
0 0.803636 0.573333 0.076364 0.246667
1 0.767273 0.145 0.025455 0.056667
1 0.666364 0.173333 0.030909 0.046667
1 0.432727 0.186667 0.025455 0.053333
0 0.083636 0.201667 0.050909 0.096667
0 0.164545 0.206667 0.067273 0.133333
0 0.366364 0.215 0.027273 0.056667
1 0.799091 0.216667 0.027273 0.053333
0 0.902727 0.218333 0.030909 0.063333
1 0.405455 0.248333 0.036364 0.07
