1 0.23875 0.4 0.0375 0.06
1 0.0425 0.416667 0.03 0.06
1 0.27125 0.06 0.0275 0.046667
0 0.065 0.531667 0.05 0.096667
0 0.31 0.546667 0.055 0.093333
0 0.385 0.545 0.05 0.09
2 0.1175 0.64 0.055 0.1
1 0.2475 0.958333 0.095 0.083333
1 0.65625 0.125 0.0475 0.09
1 0.74125 0.151667 0.0425 0.063333
0 0.8725 0.146667 0.06 0.093333
1 0.28 0.18 0.04 0.073333
1 0.1175 0.203333 0.035 0.06
1 0.05125 0.213333 0.0425 0.066667
1 0.33125 0.215 0.0375 0.07
1 0.51875 0.213333 0.0325 0.06
1 0.4775 0.218333 0.04 0.063333
1 0.01375 0.24 0.0225 0.066667
1 0.36375 0.226667 0.0375 0.073333
1 0.1225 0.258333 0.03 0.07
0 0.56875 0.261667 0.0375 0.096667
1 0.13375 0.048333 0.0325 0.05
0 0.85125 0.296667 0.0575 0.106667
