0 0.935 0.566667 0.07 0.111111
2 0.17125 0.655556 0.0575 0.12
0 0.5225 0.7 0.06 0.111111
2 0.12875 0.74 0.0625 0.137778
0 0.57 0.791111 0.065 0.133333
0 0.04625 0.857778 0.0675 0.151111
0 0.38 0.92 0.065 0.124444
0 0.75375 0.102222 0.0625 0.115556
0 0.66375 0.111111 0.0525 0.106667
0 0.26625 0.113333 0.0525 0.093333
0 0.48625 0.115556 0.0575 0.106667
0 0.03125 0.168889 0.0425 0.08
0 0.8975 0.195556 0.06 0.115556
0 0.085 0.213333 0.05 0.097778
0 0.5025 0.302222 0.055 0.106667
0 0.8275 0.037778 0.05 0.066667
1 0.0975 0.36 0.04 0.106667
0 0.64375 0.377778 0.0525 0.106667
0 0.2725 0.386667 0.045 0.115556
