0 0.361231 0.164714 0.096112 0.124451
0 0.961123 0.334553 0.077754 0.136164
0 0.070734 0.172767 0.076674 0.122987
2 0.481641 0.318448 0.107991 0.139092
0 0.646328 0.399707 0.132829 0.166911
1 0.147948 0.32284 0.12311 0.153734
0 0.298056 0.508053 0.172786 0.222548
2 0.87041 0.675695 0.164147 0.218155
0 0.615551 0.868228 0.203024 0.260615
0 0.612851 0.132504 0.078834 0.101025
2 0.857991 0.210835 0.070194 0.090776
2 0.50594 0.14202 0.068035 0.087848
0 0.778078 0.213031 0.078834 0.101025
0 0.196544 0.09224 0.092873 0.120059
