1 0.444828 0.151832 0.034483 0.062827
1 0.666379 0.158377 0.046552 0.086387
1 0.112931 0.158377 0.036207 0.060209
1 0.243966 0.162304 0.039655 0.073298
2 0.873276 0.162304 0.046552 0.073298
1 0.571552 0.188482 0.043103 0.068063
1 0.937931 0.200262 0.041379 0.075916
0 0.074138 0.210733 0.044828 0.070681
0 0.344828 0.212042 0.048276 0.078534
0 0.181897 0.213351 0.043103 0.070681
1 0.302586 0.21466 0.02931 0.057592
0 0.782759 0.223822 0.044828 0.070681
0 0.737931 0.22644 0.034483 0.060209
