0 0.38875 0.466667 0.0575 0.124444
1 0.94 0.5 0.025 0.084444
0 0.58 0.526667 0.035 0.128889
1 0.505 0.58 0.025 0.102222
0 0.6525 0.671111 0.06 0.16
2 0.955 0.92 0.095 0.168889
1 0.755 0.202222 0.02 0.057778
1 0.5125 0.22 0.025 0.057778
1 0.085 0.24 0.02 0.035556
2 0.26625 0.244444 0.0225 0.053333
0 0.6975 0.266667 0.02 0.053333
0 0.385 0.271111 0.07 0.097778
0 0.895 0.346667 0.02 0.044444
1 0.96125 0.368889 0.0175 0.053333
1 0.93125 0.38 0.0275 0.057778
1 0.58 0.413333 0.035 0.053333
