0 0.6775 0.404444 0.055 0.106667
0 0.0975 0.546667 0.055 0.142222
2 0.79375 0.406667 0.0675 0.137778
0 0.34875 0.522222 0.0675 0.12
0 0.51875 0.482222 0.0875 0.173333
1 0.57375 0.248889 0.0575 0.115556
1 0.49625 0.284444 0.0525 0.097778
0 0.9225 0.208889 0.03 0.062222
0 0.2725 0.357778 0.025 0.057778
1 0.81125 0.251111 0.0325 0.066667
1 0.7 0.28 0.055 0.106667
1 0.14875 0.411111 0.0275 0.057778
0 0.8875 0.251111 0.05 0.093333
1 0.1875 0.415556 0.035 0.066667
0 0.39875 0.375556 0.0475 0.102222
1 0.44875 0.384444 0.0625 0.12
1 0.95375 0.268889 0.0575 0.111111
0 0.29125 0.471111 0.0475 0.115556
0 0.755 0.366667 0.07 0.128889
