0 0.220506 0.242117 0.016854 0.033784
0 0.778792 0.253378 0.037921 0.065315
0 0.08427 0.27027 0.019663 0.045045
0 0.044242 0.271396 0.021067 0.042793
0 0.471208 0.278153 0.026685 0.051802
0 0.536517 0.288288 0.033708 0.054054
2 0.24368 0.289414 0.026685 0.060811
0 0.276685 0.317568 0.02809 0.063063
0 0.02809 0.326577 0.030899 0.054054
2 0.623596 0.333333 0.058989 0.094595
0 0.967697 0.353604 0.061798 0.112613
0 0.376404 0.368243 0.039326 0.078829
0 0.107444 0.402027 0.037921 0.083333
0 0.844803 0.422297 0.088483 0.141892
2 0.153792 0.469595 0.054775 0.087838
0 0.478933 0.524775 0.081461 0.130631
0 0.266152 0.530405 0.074438 0.119369
0 0.308989 0.224099 0.019663 0.038288
