0 0.192652 0.237219 0.295699 0.290389
0 0.543011 0.280164 0.286738 0.359918
0 0.914875 0.335378 0.084229 0.110429
0 0.820789 0.380368 0.078853 0.07771
0 0.901434 0.619632 0.132616 0.151329
0 0.107527 0.620654 0.100358 0.112474
0 0.401434 0.629857 0.089606 0.122699
0 0.600358 0.650307 0.075269 0.08589
0 0.332437 0.682004 0.069892 0.079755
1 0.327957 0.797546 0.043011 0.04908
0 0.646953 0.856851 0.060932 0.06953
0 0.46595 0.873211 0.086022 0.110429
0 0.269713 0.882413 0.080645 0.092025
0 0.103943 0.890593 0.075269 0.087935
1 0.051971 0.90184 0.046595 0.07362
0 0.90681 0.93047 0.168459 0.139059
0 0.905914 0.111452 0.120072 0.137014
