0 0.928667 0.276493 0.102667 0.148362
0 0.732667 0.2842 0.086667 0.125241
0 0.240667 0.313102 0.097333 0.140655
0 0.482 0.324663 0.097333 0.140655
0 0.038 0.39499 0.073333 0.169557
0 0.597333 0.458574 0.109333 0.157996
0 0.930667 0.473988 0.122667 0.177264
0 0.304667 0.064547 0.068 0.098266
0 0.845333 0.069364 0.082667 0.119461
0 0.720667 0.679191 0.172 0.248555
0 0.484667 0.074181 0.073333 0.105973
0 0.313333 0.77264 0.168 0.242775
0 0.084667 0.77553 0.145333 0.210019
0 0.096 0.102119 0.074667 0.1079
0 0.148 0.138728 0.077333 0.111753
0 0.678667 0.159923 0.072 0.104046
1 0.349333 0.183044 0.082667 0.119461
0 0.546667 0.192678 0.090667 0.131021
