1 0.045139 0.597534 0.051389 0.091928
0 0.649306 0.275785 0.031944 0.053812
0 0.288889 0.497758 0.052778 0.098655
0 0.444444 0.422646 0.063889 0.105381
0 0.83125 0.217489 0.145833 0.242152
1 0.134028 0.609865 0.0625 0.103139
1 0.410417 0.461883 0.034722 0.058296
2 0.359028 0.498879 0.104167 0.186099
0 0.218056 0.580717 0.069444 0.116592
0 0.629167 0.371076 0.075 0.123318
0 0.544444 0.433857 0.091667 0.150224
0 0.768056 0.309417 0.086111 0.143498
0 0.938194 0.216368 0.048611 0.087444
0 0.736806 0.349776 0.054167 0.089686
0 0.189583 0.774664 0.1125 0.186099
0 0.764583 0.513453 0.118056 0.192825
