0 0.098394 0.529557 0.13253 0.231527
0 0.51004 0.541872 0.128514 0.167488
0 0.297189 0.546798 0.144578 0.197044
0 0.694779 0.551724 0.136546 0.167488
0 0.89759 0.554187 0.148594 0.172414
0 0.700803 0.881773 0.13253 0.206897
2 0.497992 0.891626 0.15261 0.167488
0 0.11245 0.896552 0.136546 0.17734
0 0.903614 0.901478 0.136546 0.167488
0 0.315261 0.903941 0.140562 0.182266
0 0.903614 0.192118 0.128514 0.157635
0 0.100402 0.20197 0.15261 0.187192
0 0.508032 0.206897 0.140562 0.187192
0 0.301205 0.211823 0.128514 0.17734
0 0.686747 0.221675 0.120482 0.147783
