0 0.190309 0.361486 0.021067 0.038288
0 0.733848 0.15991 0.046348 0.081081
0 0.061798 0.440315 0.025281 0.051802
0 0.023174 0.457207 0.026685 0.04955
0 0.438202 0.300676 0.033708 0.060811
0 0.503511 0.286036 0.04073 0.067568
2 0.219803 0.397523 0.035112 0.06982
0 0.255618 0.412162 0.036517 0.072072
0 0.018258 0.515766 0.033708 0.067568
2 0.594803 0.296171 0.071629 0.114865
0 0.931882 0.185811 0.077247 0.132883
0 0.359551 0.42455 0.050562 0.092342
0 0.104635 0.558559 0.049157 0.094595
0 0.823034 0.29955 0.106742 0.171171
2 0.15941 0.606982 0.066011 0.105856
0 0.483146 0.537162 0.098315 0.15991
0 0.27809 0.622748 0.089888 0.146396
0 0.272472 0.310811 0.025281 0.045045
