1 0.024306 0.397982 0.040278 0.069507
0 0.656944 0.414798 0.025 0.040359
0 0.275 0.433857 0.038889 0.078475
0 0.436111 0.446188 0.05 0.080717
0 0.840278 0.457399 0.113889 0.183857
1 0.107639 0.45852 0.048611 0.078475
1 0.395833 0.465247 0.025 0.047085
2 0.340278 0.471973 0.077778 0.14574
0 0.192361 0.474215 0.054167 0.087444
0 0.619444 0.495516 0.058333 0.09417
0 0.528472 0.51009 0.070833 0.11435
0 0.7625 0.511211 0.066667 0.107623
0 0.940278 0.513453 0.036111 0.067265
0 0.725 0.53139 0.041667 0.067265
0 0.128472 0.642377 0.0875 0.141256
0 0.720139 0.702915 0.090278 0.14574
