2 0.142292 0.286517 0.094862 0.134831
2 0.483202 0.303371 0.077075 0.151685
0 0.311265 0.077247 0.033597 0.058989
0 0.341897 0.094101 0.043478 0.064607
0 0.072134 0.108146 0.037549 0.053371
0 0.865613 0.116573 0.031621 0.058989
0 0.187747 0.122191 0.031621 0.058989
0 0.507905 0.126404 0.035573 0.05618
2 0.815217 0.132022 0.049407 0.078652
2 0.607708 0.13764 0.033597 0.061798
0 0.936759 0.157303 0.043478 0.08427
2 0.418972 0.175562 0.051383 0.081461
2 0.697628 0.238764 0.063241 0.123596
0 0.895257 0.252809 0.063241 0.089888
