1 0.616316 0.20807 0.043158 0.083861
1 0.232105 0.216772 0.083158 0.148734
1 0.29 0.22231 0.024211 0.045886
1 0.472105 0.230222 0.028421 0.05538
1 0.489474 0.236551 0.023158 0.039557
1 0.098947 0.240506 0.033684 0.056962
2 0.722632 0.24288 0.036842 0.058544
1 0.407368 0.268196 0.023158 0.045886
1 0.024211 0.287975 0.04 0.060127
1 0.794737 0.292722 0.033684 0.053797
0 0.506842 0.300633 0.022105 0.044304
1 0.928421 0.306171 0.042105 0.080696
0 0.375789 0.318038 0.042105 0.063291
1 0.260526 0.321994 0.02 0.042722
1 0.45 0.331487 0.045263 0.077532
