2 0.41875 0.176111 0.0325 0.043333
1 0.86375 0.197778 0.0375 0.048889
1 0.660833 0.199444 0.033333 0.05
1 0.711667 0.207778 0.043333 0.064444
1 0.45 0.213333 0.041667 0.055556
1 0.931667 0.237778 0.045 0.068889
0 0.524583 0.239444 0.044167 0.058889
1 0.257917 0.260556 0.0575 0.074444
1 0.574167 0.264444 0.046667 0.06
0 0.4475 0.27 0.04 0.068889
1 0.385417 0.282778 0.0375 0.052222
1 0.69375 0.336667 0.040833 0.075556
1 0.877917 0.347222 0.0475 0.065556
1 0.748333 0.372778 0.055 0.078889
1 0.121667 0.4 0.05 0.086667
0 0.9525 0.476667 0.055 0.071111
0 0.139167 0.598333 0.07 0.094444
1 0.591667 0.089444 0.023333 0.034444
