0 0.29625 0.111111 0.0325 0.062222
0 0.68125 0.493333 0.0375 0.088889
0 0.75375 0.52 0.1075 0.204444
0 0.53875 0.057778 0.0225 0.053333
1 0.66 0.035556 0.025 0.035556
1 0.07625 0.728889 0.1125 0.195556
0 0.59375 0.626667 0.1525 0.266667
0 0.455 0.668889 0.095 0.182222
0 0.3575 0.731111 0.13 0.226667
0 0.35875 0.124444 0.0275 0.053333
0 0.84 0.702222 0.145 0.284444
1 0.1775 0.906667 0.14 0.186667
2 0.79 0.044444 0.04 0.044444
0 0.37875 0.153333 0.0375 0.057778
0 0.74625 0.064444 0.0525 0.093333
0 0.21375 0.202222 0.0275 0.057778
1 0.4475 0.146667 0.045 0.088889
0 0.87875 0.046667 0.0275 0.048889
0 0.095 0.253333 0.045 0.08
0 0.34875 0.204444 0.0475 0.08
0 0.31 0.224444 0.035 0.075556
2 0.625 0.144444 0.05 0.093333
0 0.65625 0.146667 0.0325 0.08
1 0.18875 0.277778 0.0575 0.111111
0 0.2375 0.266667 0.055 0.097778
2 0.0475 0.326667 0.045 0.084444
0 0.15 0.304444 0.045 0.093333
0 0.02375 0.344444 0.0425 0.146667
0 0.485 0.22 0.05 0.102222
0 0.76875 0.153333 0.0575 0.102222
0 0.3575 0.268889 0.05 0.084444
0 0.86375 0.18 0.0575 0.12
1 0.60125 0.257778 0.0375 0.097778
1 0.565 0.275556 0.065 0.133333
0 0.825 0.206667 0.07 0.128889
0 0.4825 0.3 0.05 0.093333
2 0.43625 0.34 0.0775 0.146667
0 0.39375 0.357778 0.0475 0.111111
1 0.93375 0.217778 0.0325 0.106667
0 0.19875 0.446667 0.0525 0.12
1 0.34625 0.413333 0.0775 0.151111
0 0.72375 0.32 0.0625 0.106667
0 0.12875 0.475556 0.1025 0.195556
0 0.665 0.348889 0.07 0.128889
0 0.5975 0.037778 0.035 0.04
0 0.15875 0.14 0.0325 0.057778
1 0.2675 0.486667 0.11 0.2
0 0.04 0.544444 0.075 0.146667
0 0.48875 0.46 0.0575 0.155556
