0 0.06625 0.411667 0.0775 0.096667
0 0.945 0.256667 0.065 0.1
0 0.50375 0.411667 0.0725 0.103333
1 0.945 0.38 0.06 0.093333
0 0.355 0.505 0.065 0.096667
0 0.765 0.43 0.065 0.1
0 0.6825 0.04 0.075 0.073333
0 0.07125 0.713333 0.0725 0.1
2 0.89375 0.635 0.0675 0.116667
0 0.52375 0.74 0.0825 0.106667
2 0.94875 0.695 0.0825 0.13
0 0.115 0.14 0.055 0.08
0 0.47875 0.825 0.0875 0.123333
0 0.69875 0.885 0.0825 0.123333
0 0.48125 0.128333 0.0725 0.09
0 0.12125 0.246667 0.0675 0.086667
0 0.215 0.301667 0.07 0.11
0 0.30875 0.29 0.0725 0.1
0 0.5025 0.255 0.075 0.096667
0 0.7425 0.21 0.07 0.093333
