1 0.838407 0.250847 0.091335 0.135593
2 0.951405 0.291525 0.048009 0.074576
2 0.25644 0.109322 0.091335 0.150847
1 0.507026 0.184746 0.093677 0.138983
1 0.737119 0.264407 0.026932 0.037288
1 0.894028 0.311864 0.031616 0.040678
1 0.548009 0.227119 0.021077 0.037288
2 0.19555 0.147458 0.081967 0.115254
1 0.785714 0.312712 0.04918 0.076271
1 0.62178 0.292373 0.037471 0.062712
1 0.452576 0.247458 0.02459 0.040678
1 0.074941 0.159322 0.044496 0.067797
0 0.362998 0.244915 0.037471 0.062712
1 0.398712 0.266102 0.0363 0.054237
