2 0.873518 0.519663 0.118577 0.174157
2 0.543478 0.379213 0.106719 0.185393
0 0.754941 0.244382 0.047431 0.073034
0 0.722332 0.245787 0.057312 0.087079
0 0.972332 0.383427 0.039526 0.070225
0 0.214427 0.046348 0.045455 0.042135
0 0.863636 0.342697 0.043478 0.073034
0 0.556324 0.200843 0.045455 0.070225
2 0.259881 0.073034 0.065217 0.089888
2 0.45751 0.16573 0.045455 0.073034
0 0.139328 0.050562 0.061265 0.073034
2 0.631423 0.287921 0.065217 0.103933
2 0.350791 0.220506 0.088933 0.148876
0 0.159091 0.143258 0.081028 0.117978
