1 0.333496 0.403646 0.026367 0.044271
1 0.178223 0.417318 0.032227 0.048177
1 0.137207 0.422526 0.032227 0.053385
1 0.440918 0.428385 0.026367 0.041667
1 0.661621 0.429036 0.026367 0.042969
1 0.263184 0.435547 0.032227 0.048177
1 0.473633 0.445964 0.027344 0.048177
1 0.365723 0.463542 0.026367 0.044271
1 0.102539 0.464844 0.035156 0.049479
1 0.893555 0.466797 0.033203 0.050781
1 0.228516 0.46875 0.029297 0.052083
1 0.633789 0.469401 0.025391 0.03776
1 0.549805 0.472656 0.025391 0.039062
1 0.767578 0.474609 0.029297 0.040365
1 0.82666 0.480469 0.032227 0.046875
1 0.55957 0.526042 0.035156 0.057292
1 0.741699 0.534505 0.030273 0.045573
1 0.461426 0.551432 0.030273 0.050781
1 0.273926 0.554688 0.03418 0.054688
1 0.700195 0.558594 0.033203 0.049479
1 0.793457 0.56901 0.038086 0.054688
1 0.598633 0.570312 0.03125 0.052083
1 0.362793 0.616536 0.03418 0.053385
