0 0.455 0.471239 0.05 0.10177
0 0.3 0.185841 0.03 0.061947
0 0.3675 0.185841 0.035 0.061947
0 0.88375 0.19469 0.0425 0.088496
0 0.84125 0.212389 0.0225 0.053097
0 0.7675 0.212389 0.035 0.079646
0 0.94125 0.214602 0.0425 0.09292
1 0.80875 0.219027 0.0375 0.066372
0 0.0875 0.230088 0.045 0.097345
0 0.53375 0.230088 0.0375 0.079646
0 0.48125 0.238938 0.0275 0.061947
0 0.56375 0.243363 0.0425 0.088496
0 0.4075 0.245575 0.04 0.084071
0 0.3525 0.263274 0.05 0.110619
0 0.61375 0.265487 0.0375 0.070796
0 0.16875 0.285398 0.0425 0.084071
0 0.65875 0.30531 0.0475 0.097345
0 0.71375 0.329646 0.0525 0.110619
