2 0.515 0.178889 0.04 0.055556
1 0.086667 0.336667 0.046667 0.062222
1 0.284583 0.276111 0.0425 0.061111
1 0.236667 0.299444 0.055 0.078889
1 0.491667 0.225 0.051667 0.07
1 0.029167 0.396667 0.056667 0.084444
0 0.42375 0.272778 0.055833 0.074444
1 0.68625 0.211667 0.070833 0.094444
1 0.380417 0.312778 0.0575 0.076667
0 0.504167 0.278889 0.053333 0.082222
1 0.567083 0.272778 0.0475 0.065556
1 0.277083 0.42 0.055833 0.088889
1 0.100417 0.486667 0.059167 0.082222
1 0.230417 0.472222 0.069167 0.097778
1 0.844167 0.305556 0.066667 0.104444
0 0.051667 0.635556 0.068333 0.091111
0 0.862917 0.503889 0.0875 0.118889
1 0.331667 0.147778 0.03 0.042222
