0 0.891566 0.502463 0.168675 0.26601
0 0.481928 0.568966 0.15261 0.20197
0 0.694779 0.549261 0.176707 0.231527
0 0.299197 0.608374 0.164659 0.20197
0 0.104418 0.633005 0.160643 0.231527
0 0.331325 0.899015 0.180723 0.20197
2 0.526104 0.906404 0.184739 0.187192
0 0.89759 0.871921 0.148594 0.216749
0 0.708835 0.896552 0.172691 0.206897
0 0.14257 0.940887 0.156627 0.118227
0 0.080321 0.263547 0.128514 0.20197
0 0.85743 0.174877 0.180723 0.221675
0 0.660643 0.214286 0.156627 0.211823
0 0.455823 0.246305 0.172691 0.236453
0 0.277108 0.275862 0.144578 0.17734
