1 0.26125 0.386667 0.0325 0.06
1 0.0675 0.396667 0.025 0.06
1 0.285 0.05 0.025 0.046667
0 0.09375 0.513333 0.0425 0.093333
0 0.33625 0.538333 0.0475 0.09
0 0.41125 0.54 0.0425 0.086667
2 0.14625 0.621667 0.0475 0.096667
1 0.285 0.955 0.085 0.09
1 0.6725 0.133333 0.04 0.086667
1 0.7575 0.161667 0.035 0.063333
0 0.88875 0.165 0.0525 0.09
1 0.2975 0.17 0.035 0.073333
1 0.135 0.186667 0.03 0.06
1 0.07 0.193333 0.035 0.066667
1 0.35 0.208333 0.03 0.07
1 0.53625 0.213333 0.0275 0.06
1 0.49625 0.218333 0.0325 0.063333
1 0.025 0.218333 0.03 0.063333
1 0.3825 0.22 0.03 0.073333
1 0.1425 0.241667 0.025 0.07
0 0.5875 0.265 0.03 0.096667
1 0.14875 0.031667 0.0275 0.05
0 0.87125 0.311667 0.0475 0.103333
