0 0.785815 0.315315 0.018258 0.036036
0 0.227528 0.273649 0.039326 0.06982
0 0.922753 0.355856 0.019663 0.045045
0 0.962781 0.36036 0.021067 0.045045
0 0.535815 0.327703 0.026685 0.056306
0 0.470506 0.332207 0.033708 0.056306
2 0.763343 0.36036 0.026685 0.063063
0 0.731039 0.385135 0.029494 0.067568
0 0.979635 0.417793 0.032303 0.056306
2 0.384129 0.368243 0.060393 0.101351
0 0.040028 0.356982 0.063202 0.119369
0 0.63132 0.426802 0.04073 0.083333
0 0.901685 0.48536 0.039326 0.087838
0 0.164326 0.436937 0.089888 0.148649
2 0.855337 0.548423 0.05618 0.092342
0 0.531601 0.573198 0.082865 0.137387
0 0.744382 0.599099 0.075843 0.126126
0 0.696629 0.288288 0.019663 0.040541
