0 0.81875 0.519912 0.0825 0.163717
0 0.34375 0.539823 0.0975 0.19469
0 0.185 0.621681 0.1 0.207965
1 0.6275 0.701327 0.13 0.30531
0 0.51875 0.159292 0.0275 0.044248
0 0.26375 0.938053 0.0875 0.123894
0 0.605 0.170354 0.025 0.039823
1 0.53 0.243363 0.04 0.079646
0 0.12625 0.254425 0.0375 0.084071
0 0.7275 0.252212 0.05 0.079646
2 0.82625 0.256637 0.0525 0.115044
0 0.86375 0.274336 0.0475 0.097345
0 0.22125 0.292035 0.0525 0.106195
0 0.64875 0.323009 0.0725 0.141593
0 0.71875 0.340708 0.0575 0.115044
0 0.575 0.365044 0.055 0.10177
0 0.18 0.376106 0.085 0.150442
1 0.785 0.411504 0.065 0.123894
0 0.9125 0.409292 0.07 0.137168
0 0.53875 0.429204 0.0625 0.123894
0 0.4675 0.433628 0.075 0.106195
0 0.19625 0.502212 0.0425 0.128319
