0 0.67375 0.462222 0.0475 0.097778
0 0.0875 0.473333 0.045 0.128889
2 0.78875 0.493333 0.0575 0.124444
0 0.3375 0.504444 0.06 0.111111
0 0.50875 0.504444 0.0775 0.155556
1 0.5825 0.286667 0.05 0.102222
1 0.5025 0.304444 0.045 0.084444
0 0.93 0.324444 0.025 0.053333
0 0.27375 0.324444 0.0225 0.053333
1 0.8175 0.342222 0.03 0.062222
1 0.70375 0.344444 0.0475 0.093333
1 0.1475 0.351111 0.025 0.053333
0 0.89375 0.357778 0.0425 0.084444
1 0.185 0.362222 0.03 0.057778
0 0.39875 0.371111 0.0425 0.093333
1 0.4475 0.391111 0.055 0.106667
1 0.9575 0.393333 0.05 0.102222
0 0.285 0.442222 0.04 0.102222
0 0.7525 0.444444 0.06 0.115556
