0 0.625 0.462222 0.06 0.124444
1 0.075 0.5 0.025 0.084444
0 0.43625 0.522222 0.0375 0.128889
1 0.51125 0.575556 0.0275 0.102222
0 0.36625 0.666667 0.0625 0.16
2 0.07 0.917778 0.1 0.164444
1 0.25375 0.197778 0.0225 0.057778
1 0.49625 0.215556 0.0275 0.057778
1 0.925 0.231111 0.02 0.035556
2 0.74375 0.235556 0.0225 0.053333
0 0.3125 0.262222 0.02 0.053333
0 0.625 0.264444 0.07 0.102222
0 0.1175 0.346667 0.02 0.044444
1 0.05125 0.368889 0.0175 0.053333
1 0.08125 0.38 0.0275 0.057778
1 0.4325 0.408889 0.035 0.053333
