0 0.905622 0.517241 0.164659 0.275862
0 0.506024 0.586207 0.15261 0.206897
0 0.712851 0.564039 0.172691 0.241379
0 0.325301 0.628079 0.160643 0.211823
0 0.134538 0.655172 0.156627 0.246305
0 0.379518 0.903941 0.180723 0.192118
2 0.572289 0.913793 0.180723 0.172414
0 0.933735 0.8867 0.13253 0.226601
0 0.751004 0.903941 0.168675 0.192118
0 0.194779 0.948276 0.156627 0.103448
0 0.082329 0.285714 0.124498 0.206897
0 0.855422 0.194581 0.184739 0.241379
0 0.658635 0.231527 0.15261 0.216749
0 0.457831 0.263547 0.168675 0.251232
0 0.283133 0.295567 0.140562 0.187192
