0 0.94375 0.455078 0.0825 0.136719
1 0.44875 0.458984 0.0475 0.074219
0 0.69125 0.5625 0.0925 0.164062
0 0.48875 0.625 0.0675 0.15625
0 0.29875 0.742188 0.1125 0.21875
0 0.19125 0.798828 0.0625 0.113281
0 0.38 0.087891 0.025 0.050781
0 0.065 0.917969 0.095 0.164062
0 0.40125 0.115234 0.0375 0.058594
0 0.5 0.142578 0.03 0.042969
0 0.59375 0.15625 0.0375 0.0625
0 0.7575 0.195312 0.035 0.054688
1 0.66625 0.203125 0.0375 0.0625
0 0.3225 0.244141 0.045 0.074219
0 0.425 0.25 0.035 0.070312
1 0.84875 0.345703 0.0375 0.058594
0 0.56625 0.376953 0.0375 0.066406
