0 0.455 0.477551 0.05 0.081633
0 0.725 0.218367 0.025 0.053061
0 0.30625 0.240816 0.0275 0.057143
0 0.88375 0.242857 0.0425 0.069388
0 0.37125 0.244898 0.0325 0.057143
0 0.84375 0.257143 0.0225 0.04898
0 0.94 0.259184 0.045 0.077551
0 0.77 0.259184 0.035 0.069388
1 0.81 0.259184 0.035 0.061224
0 0.43125 0.261224 0.0275 0.04898
0 0.53125 0.271429 0.0325 0.069388
0 0.08625 0.271429 0.0425 0.085714
0 0.4825 0.277551 0.025 0.057143
0 0.56125 0.277551 0.0425 0.081633
0 0.4075 0.281633 0.04 0.073469
0 0.355 0.297959 0.045 0.097959
0 0.61375 0.308163 0.0375 0.069388
0 0.17 0.316327 0.045 0.077551
0 0.65625 0.332653 0.0375 0.077551
0 0.71375 0.357143 0.0525 0.085714
