0 0.824074 0.296149 0.083333 0.119522
0 0.5625 0.318061 0.084259 0.12085
0 0.489815 0.323373 0.072222 0.10757
0 0.27963 0.357238 0.07963 0.11421
0 0.351852 0.373174 0.083333 0.119522
0 0.200463 0.391102 0.097222 0.139442
0 0.437963 0.391766 0.088889 0.12749
0 0.676389 0.425631 0.10463 0.150066
0 0.101852 0.589641 0.135185 0.193891
0 0.344907 0.595618 0.099074 0.142098
0 0.251852 0.600266 0.103704 0.148738
0 0.746296 0.622842 0.090741 0.130146
0 0.935185 0.625498 0.105556 0.151394
0 0.589352 0.631474 0.10463 0.150066
