0 0.661987 0.199854 0.088553 0.118594
0 0.054536 0.251098 0.083153 0.127379
0 0.950324 0.265007 0.069114 0.120059
2 0.538877 0.330893 0.099352 0.131772
0 0.37257 0.379209 0.12095 0.158126
1 0.86933 0.401171 0.112311 0.146413
0 0.715983 0.558565 0.157667 0.212299
2 0.142549 0.615666 0.149028 0.206442
0 0.390929 0.858712 0.185745 0.247438
0 0.413067 0.117862 0.072354 0.095168
2 0.168467 0.148609 0.064795 0.086384
2 0.518898 0.147877 0.061555 0.081991
0 0.2473 0.166179 0.071274 0.095168
0 0.827214 0.158126 0.084233 0.114202
