1 0.27 0.393333 0.035 0.06
1 0.07625 0.406667 0.0275 0.06
1 0.28 0.056667 0.025 0.046667
0 0.1075 0.523333 0.045 0.093333
0 0.35 0.545 0.05 0.09
0 0.425 0.545 0.045 0.09
2 0.16375 0.631667 0.0525 0.096667
1 0.31625 0.96 0.0875 0.086667
1 0.67125 0.136667 0.0425 0.086667
1 0.75625 0.161667 0.0375 0.063333
0 0.8875 0.163333 0.055 0.093333
1 0.29875 0.176667 0.0375 0.073333
1 0.13625 0.196667 0.0325 0.06
1 0.07125 0.203333 0.0375 0.066667
1 0.35125 0.215 0.0325 0.07
1 0.5375 0.216667 0.03 0.06
1 0.4975 0.221667 0.035 0.063333
1 0.0275 0.231667 0.03 0.063333
1 0.38375 0.226667 0.0325 0.073333
1 0.145 0.251667 0.025 0.07
0 0.59 0.268333 0.035 0.096667
1 0.14375 0.041667 0.0275 0.05
0 0.87625 0.31 0.0525 0.106667
