0 0.80375 0.473451 0.0825 0.168142
0 0.33625 0.568584 0.1025 0.207965
0 0.18125 0.676991 0.1075 0.221239
1 0.6225 0.685841 0.135 0.318584
0 0.4975 0.154867 0.025 0.044248
0 0.27375 0.955752 0.0925 0.088496
0 0.5825 0.154867 0.025 0.044248
1 0.51 0.238938 0.045 0.088496
0 0.11125 0.314159 0.0425 0.088496
0 0.705 0.219027 0.05 0.084071
2 0.80375 0.205752 0.0575 0.119469
0 0.84125 0.216814 0.0475 0.097345
0 0.2075 0.336283 0.055 0.115044
0 0.62875 0.300885 0.0775 0.150442
0 0.7 0.309735 0.06 0.123894
0 0.55875 0.356195 0.0575 0.10177
0 0.16875 0.426991 0.0875 0.163717
1 0.76875 0.365044 0.0675 0.128319
0 0.895 0.347345 0.075 0.146018
0 0.52625 0.426991 0.0675 0.128319
0 0.455 0.442478 0.075 0.115044
0 0.18875 0.550885 0.0475 0.137168
