2 0.32 0.353186 0.066667 0.119114
0 0.593333 0.285319 0.043333 0.072022
2 0.065833 0.468144 0.075 0.138504
0 0.6725 0.300554 0.058333 0.096953
0 0.128333 0.573407 0.086667 0.138504
2 0.665833 0.735457 0.105 0.168975
2 0.259167 0.886427 0.125 0.171745
0 0.105 0.236842 0.02 0.030471
0 0.058333 0.264543 0.02 0.036011
0 0.005833 0.288089 0.008333 0.033241
0 0.435833 0.15928 0.025 0.047091
0 0.215833 0.240997 0.025 0.044321
0 0.355833 0.200831 0.025 0.041551
0 0.186667 0.299169 0.033333 0.060942
0 0.480833 0.204986 0.031667 0.049861
0 0.4 0.257618 0.026667 0.038781
0 0.225 0.339335 0.053333 0.091413
0 0.554167 0.245152 0.041667 0.074792
