0 0.976667 0.402357 0.051111 0.131313
0 0.706667 0.405724 0.053333 0.084175
0 0.826667 0.462963 0.146667 0.198653
0 0.082222 0.47138 0.093333 0.141414
0 0.183333 0.473064 0.1 0.144781
0 0.408889 0.505051 0.102222 0.141414
0 0.562222 0.516835 0.097778 0.164983
0 0.865556 0.191919 0.042222 0.060606
1 0.016667 0.198653 0.028889 0.094276
0 0.591111 0.240741 0.04 0.063973
0 0.494444 0.250842 0.024444 0.037037
0 0.683333 0.254209 0.042222 0.063973
1 0.055556 0.260943 0.044444 0.063973
1 0.144444 0.274411 0.026667 0.037037
