0 0.65875 0.468889 0.0375 0.093333
0 0.72 0.522222 0.11 0.217778
0 0.61 0.011111 0.025 0.013333
1 0.7275 0.015556 0.025 0.022222
1 0.0525 0.488889 0.1 0.213333
0 0.55 0.573333 0.16 0.284444
0 0.41 0.564444 0.1 0.186667
0 0.30625 0.591111 0.1375 0.24
0 0.42875 0.013333 0.0275 0.017778
0 0.765 0.731111 0.15 0.297778
1 0.09625 0.733333 0.1425 0.257778
2 0.85125 0.044444 0.0375 0.08
0 0.44 0.033333 0.035 0.057778
0 0.80375 0.064444 0.0525 0.102222
0 0.27625 0.026667 0.0275 0.044444
1 0.50625 0.046667 0.0475 0.084444
0 0.93 0.091111 0.03 0.066667
0 0.155 0.037778 0.05 0.066667
0 0.4025 0.071111 0.05 0.088889
0 0.36125 0.073333 0.0375 0.075556
2 0.67375 0.108889 0.0525 0.093333
0 0.7025 0.12 0.035 0.08
1 0.2375 0.084444 0.06 0.115556
0 0.285 0.093333 0.055 0.097778
2 0.09625 0.082222 0.0475 0.093333
0 0.19625 0.097778 0.0475 0.097778
0 0.05625 0.086667 0.0725 0.146667
0 0.5275 0.135556 0.055 0.111111
0 0.80625 0.164444 0.0575 0.097778
0 0.3975 0.135556 0.05 0.093333
0 0.89 0.222222 0.06 0.124444
1 0.62875 0.208889 0.0425 0.097778
1 0.59125 0.213333 0.0675 0.142222
0 0.84875 0.24 0.0725 0.142222
0 0.50875 0.208889 0.0525 0.097778
2 0.45875 0.233333 0.0825 0.146667
0 0.41375 0.235556 0.0525 0.115556
1 0.94875 0.286667 0.0375 0.111111
0 0.2125 0.253333 0.055 0.124444
1 0.35875 0.273333 0.0825 0.155556
0 0.7325 0.313333 0.065 0.111111
0 0.1425 0.257778 0.105 0.204444
0 0.67 0.322222 0.07 0.137778
0 0.67 0.006667 0.035 0.004444
1 0.27 0.315556 0.115 0.213333
0 0.045 0.293333 0.085 0.16
0 0.485 0.368889 0.06 0.16
