0 0.51875 0.327338 0.0225 0.043165
0 0.65875 0.354317 0.0275 0.032374
0 0.58125 0.345324 0.0275 0.035971
0 0.8675 0.384892 0.025 0.043165
0 0.12875 0.282374 0.0275 0.039568
0 0.46625 0.332734 0.0275 0.046763
0 0.81875 0.386691 0.0225 0.039568
0 0.335 0.323741 0.025 0.035971
0 0.3975 0.341727 0.025 0.035971
0 0.73125 0.395683 0.0225 0.035971
0 0.2725 0.330935 0.025 0.035971
0 0.30375 0.357914 0.0275 0.039568
0 0.56125 0.402878 0.0275 0.043165
0 0.08875 0.338129 0.0275 0.043165
1 0.7025 0.440647 0.02 0.032374
0 0.49625 0.417266 0.0225 0.035971
0 0.6325 0.442446 0.025 0.043165
0 0.27625 0.393885 0.0275 0.039568
0 0.91 0.489209 0.025 0.035971
0 0.915 0.06295 0.02 0.02518
0 0.85 0.489209 0.025 0.043165
0 0.9625 0.510791 0.03 0.043165
0 0.38625 0.471223 0.0325 0.043165
0 0.045 0.431655 0.035 0.05036
0 0.2575 0.465827 0.03 0.046763
0 0.69375 0.041367 0.0275 0.039568
0 0.63 0.030576 0.02 0.032374
0 0.5225 0.514388 0.03 0.035971
0 0.28125 0.48741 0.0325 0.053957
2 0.6825 0.552158 0.035 0.053957
1 0.855 0.586331 0.035 0.05036
0 0.5025 0.553957 0.035 0.05036
0 0.035 0.501799 0.035 0.053957
0 0.47625 0.017986 0.0175 0.028777
0 0.70375 0.606115 0.0375 0.053957
0 0.58875 0.600719 0.0325 0.05036
1 0.8 0.642086 0.03 0.046763
0 0.6525 0.048561 0.02 0.02518
0 0.57 0.034173 0.015 0.02518
0 0.38375 0.01259 0.0175 0.017986
0 0.57375 0.676259 0.0325 0.05036
0 0.8725 0.72482 0.03 0.039568
0 0.5425 0.683453 0.035 0.057554
0 0.2325 0.008993 0.02 0.010791
0 0.53625 0.039568 0.0125 0.014388
0 0.345 0.705036 0.04 0.057554
0 0.6175 0.76259 0.04 0.057554
0 0.015 0.681655 0.025 0.061151
0 0.48 0.757194 0.02 0.039568
0 0.04 0.708633 0.04 0.05036
0 0.29375 0.767986 0.0375 0.053957
0 0.35625 0.023381 0.0125 0.02518
0 0.40625 0.030576 0.0175 0.032374
0 0.38375 0.82554 0.0425 0.061151
1 0.2125 0.010791 0.015 0.014388
0 0.725 0.080935 0.02 0.032374
0 0.34625 0.02518 0.0175 0.028777
0 0.17125 0.838129 0.0425 0.064748
0 0.5075 0.910072 0.045 0.064748
0 0.67125 0.926259 0.0475 0.032374
0 0.02375 0.877698 0.0425 0.05036
0 0.61 0.077338 0.025 0.039568
0 0.50375 0.064748 0.0225 0.028777
0 0.07 0.010791 0.02 0.014388
0 0.31 0.03777 0.02 0.032374
1 0.63625 0.093525 0.0175 0.028777
0 0.735 0.109712 0.02 0.032374
1 0.36375 0.073741 0.0175 0.02518
0 0.54 0.104317 0.02 0.035971
1 0.3025 0.071942 0.02 0.028777
0 0.22125 0.059353 0.0175 0.032374
0 0.69 0.008993 0.02 0.010791
0 0.765 0.143885 0.025 0.035971
0 0.17125 0.077338 0.0175 0.032374
1 0.39125 0.111511 0.0225 0.028777
0 0.2125 0.086331 0.02 0.028777
0 0.07875 0.077338 0.0175 0.032374
2 0.40875 0.133094 0.0225 0.035971
0 0.93125 0.219424 0.0225 0.035971
0 0.495 0.158273 0.015 0.021583
0 0.3225 0.136691 0.02 0.028777
0 0.62875 0.181655 0.0225 0.032374
0 0.7 0.194245 0.02 0.028777
0 0.1775 0.134892 0.025 0.032374
0 0.7725 0.23741 0.02 0.028777
1 0.67375 0.223022 0.0225 0.035971
0 0.51625 0.201439 0.0275 0.028777
0 0.2525 0.161871 0.025 0.035971
1 0.80375 0.251799 0.0225 0.028777
1 0.715 0.260791 0.02 0.032374
0 0.1175 0.178058 0.015 0.02518
0 0.17125 0.196043 0.0225 0.039568
0 0.78875 0.284173 0.0225 0.028777
1 0.745 0.284173 0.025 0.035971
1 0.86875 0.302158 0.0275 0.043165
0 0.64625 0.27518 0.0275 0.039568
0 0.38125 0.239209 0.0225 0.032374
0 0.455 0.251799 0.025 0.035971
0 0.2 0.221223 0.02 0.032374
0 0.09375 0.221223 0.0225 0.039568
0 0.14625 0.232014 0.0275 0.039568
0 0.55625 0.294964 0.0225 0.035971
0 0.4525 0.302158 0.025 0.035971
