0 0.226126 0.863095 0.117117 0.110544
1 0.031081 0.877976 0.058559 0.082483
0 0.686937 0.890731 0.089189 0.084184
0 0.476577 0.891156 0.151351 0.142857
0 0.101802 0.913265 0.091892 0.076531
0 0.577928 0.093112 0.076577 0.080782
0 0.900901 0.92432 0.115315 0.108844
0 0.509459 0.128827 0.069369 0.055272
0 0.154955 0.180272 0.156757 0.147959
0 0.209459 0.424745 0.087387 0.082483
0 0.49009 0.489796 0.111712 0.105442
0 0.706306 0.495748 0.099099 0.093537
0 0.909009 0.514456 0.108108 0.103741
0 0.21982 0.625 0.153153 0.144558
0 0.90045 0.63648 0.074775 0.070578
1 0.327027 0.659014 0.091892 0.103741
0 0.738739 0.677721 0.093694 0.088435
0 0.474324 0.707058 0.1 0.097789
