2 0.182927 0.606145 0.131707 0.340782
0 0.540244 0.567039 0.182927 0.441341
0 0.190244 0.103352 0.058537 0.139665
2 0.347561 0.081006 0.05122 0.117318
0 0.921951 0.664804 0.15122 0.379888
2 0.035366 0.187151 0.060976 0.162011
2 0.236585 0.212291 0.068293 0.178771
2 0.620732 0.201117 0.060976 0.178771
0 0.296341 0.26257 0.07561 0.167598
2 0.108537 0.321229 0.080488 0.173184
2 0.691463 0.321229 0.095122 0.251397
2 0.796341 0.312849 0.085366 0.178771
2 0.045122 0.611732 0.056098 0.206704
