0 0.879375 0.466361 0.08125 0.100917
0 0.258125 0.5 0.09125 0.137615
0 0.11375 0.533639 0.11 0.134557
0 0.951875 0.563456 0.09875 0.142202
0 0.4175 0.580275 0.1 0.148318
0 0.615625 0.58792 0.11875 0.151376
0 0.7725 0.616208 0.1125 0.149847
0 0.34125 0.624618 0.1225 0.16055
0 0.033125 0.675076 0.06375 0.172783
0 0.8325 0.769113 0.1425 0.174312
1 0.21125 0.082569 0.025 0.030581
1 0.265625 0.084862 0.01875 0.022936
0 0.254375 0.830275 0.15125 0.186544
1 0.021875 0.08945 0.01875 0.025994
0 0.38 0.098624 0.02 0.025994
1 0.159375 0.106269 0.01625 0.022936
1 0.064375 0.107798 0.01625 0.022936
