0 0.603632 0.255093 0.027778 0.067593
0 0.533974 0.255556 0.028632 0.066667
0 0.659402 0.264352 0.026496 0.065741
0 0.71859 0.268519 0.026068 0.066667
0 0.905342 0.288889 0.027778 0.072222
0 0.217735 0.299074 0.032906 0.081481
0 0.830342 0.303704 0.028205 0.07037
0 0.769658 0.312963 0.025641 0.066667
0 0.898718 0.544444 0.035897 0.085185
0 0.636111 0.560185 0.032051 0.075926
0 0.805769 0.567593 0.032051 0.077778
0 0.558333 0.580093 0.030342 0.078704
0 0.730983 0.580556 0.030342 0.075926
0 0.481838 0.583333 0.027778 0.066667
0 0.391239 0.603241 0.032906 0.075
