0 0.10375 0.653333 0.0825 0.133333
2 0.86625 0.662222 0.0725 0.133333
0 0.5225 0.742222 0.07 0.124444
2 0.91625 0.742222 0.0775 0.151111
0 0.48625 0.84 0.0775 0.151111
0 0.98375 0.853333 0.0325 0.177778
0 0.6875 0.937778 0.08 0.124444
0 0.235 0.171111 0.075 0.128889
0 0.32375 0.166667 0.0625 0.12
0 0.71875 0.128889 0.0625 0.106667
0 0.50125 0.157778 0.0675 0.12
0 0.95125 0.162222 0.0525 0.093333
0 0.1025 0.277778 0.075 0.128889
0 0.905 0.211111 0.06 0.111111
0 0.5025 0.344444 0.065 0.12
1 0.9075 0.357778 0.05 0.12
0 0.37125 0.433333 0.0625 0.12
0 0.73875 0.402222 0.0575 0.128889
