0 0.62875 0.129213 0.0275 0.041199
1 0.75375 0.172285 0.0225 0.037453
0 0.77625 0.181648 0.0325 0.05618
0 0.79375 0.189139 0.0175 0.041199
1 0.90875 0.219101 0.0275 0.048689
2 0.7225 0.187266 0.03 0.052434
1 0.45 0.121723 0.03 0.041199
0 0.48375 0.136704 0.0325 0.06367
0 0.4 0.11985 0.03 0.052434
0 0.54625 0.157303 0.0375 0.059925
0 0.98125 0.273408 0.0325 0.052434
1 0.6175 0.185393 0.025 0.048689
0 0.215 0.102996 0.035 0.05618
0 0.6925 0.237828 0.03 0.05618
0 0.44 0.189139 0.04 0.071161
0 0.6275 0.29588 0.04 0.059925
0 0.105 0.192884 0.05 0.078652
0 0.6375 0.355805 0.05 0.082397
0 0.27375 0.282772 0.0475 0.071161
0 0.5325 0.419476 0.06 0.097378
