1 0.988194 0.286996 0.023611 0.080717
0 0.365278 0.357623 0.027778 0.047085
0 0.748611 0.343049 0.044444 0.085202
0 0.5875 0.369955 0.055556 0.089686
0 0.182639 0.414798 0.126389 0.206278
1 0.916667 0.355381 0.052778 0.087444
1 0.627778 0.38565 0.027778 0.053812
2 0.684028 0.387892 0.0875 0.161435
0 0.832639 0.377803 0.059722 0.096413
0 0.404167 0.434978 0.063889 0.103139
0 0.496528 0.441704 0.079167 0.130045
0 0.261806 0.463004 0.073611 0.123318
0 0.084028 0.479821 0.040278 0.076233
0 0.299306 0.479821 0.045833 0.076233
0 0.899306 0.54148 0.095833 0.159193
0 0.308333 0.651345 0.1 0.163677
