0 0.501208 0.358874 0.126409 0.135931
0 0.249195 0.461039 0.018519 0.019913
0 0.299114 0.461039 0.021739 0.028571
0 0.677536 0.464069 0.02818 0.031169
0 0.928744 0.465368 0.023349 0.02684
1 0.150966 0.475758 0.020129 0.025108
0 0.368357 0.475758 0.02496 0.028571
0 0.793478 0.477056 0.018519 0.020779
0 0.17351 0.477056 0.023349 0.027706
0 0.34219 0.478788 0.022544 0.031169
1 0.869565 0.482684 0.033816 0.044156
0 0.209742 0.482684 0.029791 0.040693
0 0.270934 0.490476 0.016908 0.021645
0 0.759662 0.492208 0.034622 0.032035
0 0.71256 0.493074 0.032206 0.032035
0 0.991948 0.494805 0.017713 0.044156
0 0.263688 0.69697 0.034622 0.038095
