0 0.93625 0.326667 0.0675 0.086667
0 0.0475 0.35 0.055 0.093333
1 0.05125 0.043333 0.0625 0.08
0 0.50125 0.416667 0.0625 0.093333
1 0.0625 0.473333 0.05 0.086667
0 0.66 0.476667 0.055 0.086667
0 0.2475 0.486667 0.055 0.093333
0 0.28375 0.065 0.0625 0.09
0 0.96625 0.625 0.0625 0.09
2 0.1425 0.711667 0.055 0.11
0 0.52125 0.741667 0.0725 0.096667
2 0.095 0.783333 0.07 0.12
0 0.8575 0.07 0.045 0.073333
0 0.57375 0.815 0.0775 0.11
0 0.02125 0.88 0.0375 0.14
0 0.3625 0.918333 0.07 0.11
0 0.49375 0.131667 0.0625 0.076667
0 0.86375 0.175 0.0575 0.076667
0 0.77625 0.248333 0.0625 0.103333
0 0.6825 0.255 0.065 0.09
0 0.48625 0.26 0.0675 0.086667
0 0.24375 0.263333 0.0625 0.08
