0 0.3975 0.511111 0.06 0.133333
1 0.95 0.606667 0.025 0.084444
0 0.59125 0.591111 0.0375 0.133333
1 0.51625 0.637778 0.0275 0.102222
0 0.66625 0.744444 0.0625 0.164444
2 0.96125 0.968889 0.0775 0.062222
1 0.75875 0.288889 0.0225 0.062222
1 0.51625 0.277778 0.0275 0.057778
1 0.09 0.248889 0.02 0.035556
2 0.27125 0.273333 0.0225 0.057778
0 0.7025 0.346667 0.02 0.053333
0 0.39 0.315556 0.07 0.106667
0 0.9025 0.448889 0.02 0.044444
1 0.96875 0.477778 0.0175 0.057778
1 0.93875 0.484444 0.0275 0.062222
1 0.5875 0.477778 0.035 0.057778
