2 0.222973 0.441296 0.07027 0.105263
0 0.142568 0.468623 0.017568 0.030364
0 0.026351 0.473684 0.039189 0.068826
0 0.168919 0.475709 0.016216 0.032389
2 0.875676 0.477733 0.086486 0.129555
0 0.121622 0.478745 0.013514 0.030364
0 0.323649 0.483806 0.036486 0.072874
0 0.472297 0.483806 0.02027 0.048583
0 0.387162 0.486842 0.109459 0.163968
0 0.642568 0.489879 0.02027 0.044534
0 0.589189 0.495951 0.056757 0.08502
2 0.52973 0.502024 0.02973 0.052632
0 0.738514 0.517206 0.028378 0.050607
