1 0.379474 0.258703 0.051579 0.093354
1 0.761053 0.255538 0.098947 0.169304
1 0.704211 0.261867 0.029474 0.052215
1 0.524737 0.27769 0.034737 0.061709
1 0.508421 0.283228 0.027368 0.044304
1 0.894737 0.274525 0.04 0.064873
2 0.277895 0.298259 0.042105 0.068038
1 0.592632 0.313291 0.027368 0.050633
1 0.973684 0.318829 0.046316 0.068038
1 0.211579 0.351266 0.04 0.063291
0 0.497368 0.348892 0.026316 0.049051
1 0.081053 0.369462 0.050526 0.09019
0 0.629474 0.361551 0.048421 0.071203
1 0.743684 0.361551 0.024211 0.049051
1 0.557368 0.376582 0.053684 0.088608
