1 0.657895 0.316456 0.056842 0.101266
1 0.284737 0.151899 0.106316 0.183544
1 0.34 0.183544 0.031579 0.056962
1 0.515263 0.273734 0.036842 0.066456
1 0.531053 0.287184 0.028421 0.049051
1 0.152632 0.115506 0.042105 0.072785
2 0.755263 0.397943 0.045263 0.074367
1 0.446316 0.280854 0.029474 0.05538
1 0.071579 0.127373 0.048421 0.077532
1 0.816316 0.477057 0.041053 0.068038
0 0.536316 0.356013 0.028421 0.053797
1 0.943684 0.550633 0.053684 0.098101
0 0.406842 0.313291 0.051579 0.079114
1 0.294211 0.265823 0.026316 0.050633
1 0.476316 0.359968 0.057895 0.096519
