1 0.290957 0.282648 0.071277 0.125224
2 0.408511 0.309481 0.068085 0.139535
1 0.132979 0.372093 0.055319 0.103757
1 0.22766 0.386404 0.031915 0.060823
1 0.02766 0.429338 0.053191 0.135957
1 0.487234 0.448122 0.093617 0.162791
0 0.832979 0.406977 0.108511 0.191413
1 0.086702 0.580501 0.11383 0.194991
1 0.933511 0.10644 0.069149 0.051878
1 0.689894 0.118962 0.064894 0.119857
1 0.832979 0.103757 0.042553 0.060823
1 0.789894 0.149374 0.043617 0.087657
1 0.617021 0.177996 0.046809 0.094812
