2 0.6525 0.286704 0.051667 0.102493
0 0.3775 0.307479 0.035 0.060942
2 0.914167 0.319945 0.058333 0.119114
0 0.300833 0.347645 0.048333 0.080332
0 0.863333 0.443213 0.07 0.116343
2 0.3525 0.771468 0.085 0.141274
2 0.7675 0.792244 0.105 0.132964
0 0.850833 0.103878 0.015 0.024931
0 0.9 0.114958 0.016667 0.030471
0 0.96 0.121884 0.013333 0.027701
0 0.518333 0.132964 0.02 0.038781
0 0.7425 0.144044 0.018333 0.038781
0 0.600833 0.148199 0.021667 0.036011
0 0.776667 0.191136 0.026667 0.049861
0 0.479167 0.192521 0.025 0.041551
0 0.564167 0.218837 0.021667 0.033241
0 0.743333 0.243767 0.043333 0.077562
0 0.411667 0.254848 0.033333 0.060942
