2 0.787838 0.461538 0.075676 0.11336
0 0.869595 0.486842 0.02027 0.030364
0 0.982432 0.490891 0.035135 0.074899
0 0.843919 0.494939 0.017568 0.034413
2 0.137838 0.502024 0.091892 0.137652
0 0.891216 0.496964 0.014865 0.030364
0 0.689865 0.504049 0.039189 0.076923
0 0.541216 0.506073 0.022973 0.052632
0 0.626351 0.507085 0.117568 0.176113
0 0.371622 0.512146 0.021622 0.048583
0 0.425 0.519231 0.060811 0.091093
2 0.485135 0.523279 0.032432 0.054656
0 0.277703 0.540486 0.031081 0.052632
