2 0.87253 0.264045 0.100791 0.146067
2 0.530632 0.275281 0.08498 0.162921
0 0.709486 0.051966 0.035573 0.064607
0 0.677866 0.06882 0.047431 0.070225
0 0.94664 0.085674 0.039526 0.058989
0 0.153162 0.081461 0.033597 0.061798
0 0.831028 0.098315 0.033597 0.061798
0 0.51087 0.09691 0.037549 0.058989
2 0.203557 0.098315 0.051383 0.08427
2 0.411067 0.106742 0.035573 0.067416
0 0.081028 0.120787 0.047431 0.089888
2 0.597826 0.147472 0.05336 0.087079
2 0.318182 0.206461 0.067194 0.132022
0 0.120553 0.216292 0.067194 0.101124
