1 0.015808 0.181356 0.029274 0.064407
1 0.217799 0.199153 0.070258 0.110169
2 0.103044 0.209322 0.035129 0.062712
2 0.803864 0.216102 0.066745 0.127119
1 0.550351 0.222881 0.0726 0.113559
1 0.315574 0.240678 0.019906 0.030508
1 0.156909 0.244915 0.025761 0.032203
1 0.505269 0.25339 0.015222 0.032203
2 0.859485 0.269492 0.063232 0.091525
1 0.262881 0.275424 0.0363 0.062712
1 0.42623 0.298305 0.025761 0.054237
1 0.596604 0.3 0.017564 0.033898
1 0.976581 0.313559 0.032787 0.057627
0 0.685012 0.321186 0.028103 0.052542
1 0.647541 0.332203 0.028103 0.044068
